{
  "wf.golden_pie.Au": 1.6180339887,
  "wf.golden_pie.doubleAu": 3.2360679774,
  "wf.golden_pie.tauValue": 6.2831852
}
